642.3888
642.7778
643.1669999999999
643.5564999999999
643.9461999999999
644.3361999999998
644.7263999999999
645.1168999999999
645.5075999999999
645.8984999999999
646.2896999999999
646.6810999999999
647.0727999999999
647.4646999999999
647.8568999999999
648.2492999999998
648.6419999999998
649.0348999999999
649.4279999999999
649.8213999999999
650.2149999999999
650.6089
651.0029999999999
651.3974
651.7919999999999
652.1868999999999
652.5819999999999
652.9773999999999
653.3729999999998
653.7688999999998
654.1649999999998
654.5613999999998
654.9579999999999
655.3547999999998
655.7518999999999
656.1491999999998
656.5467999999998
656.9445999999998
657.3426999999998
657.7409999999998
658.1395999999997
658.5383999999998
658.9374999999998
659.3367999999998
659.7363999999998
660.1361999999998
660.5362999999998
660.9365999999998
661.3371999999998
661.7379999999998
662.1390999999999
662.5403999999999
662.9419999999999
663.3437999999999
663.7458999999999
664.1481999999999
664.5507999999999
664.9535999999998
665.3566999999998
665.7599999999998
666.1635999999997
666.5674999999998
666.9715999999997
667.3759999999997
667.7805999999997
668.1854999999997
668.5905999999997
668.9959999999996
669.4015999999997
669.8074999999997
670.2135999999997
670.6199999999997
671.0265999999997
671.4334999999996
671.8405999999997
672.2479999999997
672.6556999999997
673.0635999999997
673.4717999999997
673.8801999999997
674.2888999999997
674.6977999999997
675.1069999999997
675.5163999999997
675.9260999999998
676.3360999999998
676.7462999999998
677.1567999999997
677.5674999999998
677.9784999999997
678.3896999999997
678.8011999999998
679.2129999999997
679.6249999999998
680.0372999999997
680.4497999999998
680.8625999999997
681.2755999999997
681.6888999999998
682.1024999999997
682.5162999999998
682.9303999999997
683.3446999999998
683.7592999999997
684.1740999999997
684.5891999999998
685.0045999999998
685.4201999999998
685.8360999999998
686.2521999999998
686.6685999999997
687.0852999999997
687.5021999999998
687.9193999999998
688.3367999999998
688.7544999999998
689.1724999999998
689.5906999999997
690.0091999999997
690.4279999999998
690.8469999999998
691.2662999999998
591.3569
591.7139999999999
592.0713
592.4287999999999
592.7865999999999
593.1445999999999
593.5027999999999
593.8611999999998
594.2198999999998
594.5787999999998
594.9378999999998
595.2971999999997
595.6567999999997
596.0165999999997
596.3765999999997
596.7367999999997
597.0972999999997
597.4579999999996
597.8188999999996
598.1799999999996
598.5413999999996
598.9029999999996
599.2647999999996
599.6267999999995
599.9890999999996
600.3515999999995
600.7142999999995
601.0771999999995
601.4403999999995
601.8037999999995
602.1673999999995
602.5312999999994
602.8953999999994
603.2596999999994
603.6241999999994
603.9889999999994
604.3539999999994
604.7191999999993
605.0845999999993
605.4502999999993
605.8161999999993
606.1822999999993
606.5486999999993
606.9152999999992
607.2820999999992
607.6491999999993
608.0164999999993
608.3839999999992
608.7516999999992
609.1196999999993
609.4878999999993
609.8562999999992
610.2249999999992
610.5938999999993
610.9629999999993
611.3323999999993
611.7019999999993
612.0717999999994
612.4417999999994
612.8120999999994
613.1825999999994
613.5532999999995
613.9242999999994
614.2954999999995
614.6668999999995
615.0385999999995
615.4104999999995
615.7825999999995
616.1549999999995
616.5275999999996
616.9003999999995
617.2734999999996
617.6467999999995
618.0202999999996
618.3940999999995
618.7680999999995
619.1422999999995
619.5167999999995
619.8914999999995
620.2663999999995
620.6415999999995
621.0169999999995
621.3925999999994
621.7684999999994
622.1445999999994
622.5208999999994
622.8974999999995
623.2742999999995
623.6512999999994
624.0285999999994
624.4060999999995
624.7838999999994
625.1618999999995
625.5400999999995
625.9185999999995
626.2972999999995
626.6761999999995
627.0553999999995
627.4347999999995
627.8143999999995
628.1942999999995
628.5743999999995
628.9547999999995
629.3353999999995
629.7161999999995
630.0972999999994
630.4785999999995
630.8600999999994
631.2418999999994
631.6238999999994
632.0061999999994
632.3886999999994
632.7713999999994
633.1543999999994
633.5375999999994
633.9210999999995
634.3047999999994
634.6886999999995
635.0728999999994
635.4572999999995
635.8419999999994
636.2268999999994
595.3594
595.719
596.0788
596.4388
596.7991000000001
597.1596000000001
597.5203
597.8813
598.2425000000001
598.6039000000001
598.9655
599.3274
599.6895000000001
600.0518000000001
600.4143
600.7771
601.1401000000001
601.5033000000001
601.8667
602.2304
602.5943
602.9584
603.3226999999999
603.6872999999999
604.0520999999999
604.4170999999999
604.7823999999999
605.1478999999999
605.5135999999999
605.8794999999999
606.2456999999999
606.6120999999999
606.9786999999999
607.3455999999999
607.7126999999999
608.0799999999999
608.4474999999999
608.8152999999999
609.1832999999999
609.5514999999999
609.92
610.2887
610.6576
611.0268
611.3962
611.7658
612.1357
612.5058
612.8761000000001
613.2466000000001
613.6174000000001
613.9884000000001
614.3596000000001
614.7311000000001
615.1028000000001
615.4747000000001
615.8469000000001
616.2193000000001
616.5919000000001
616.9648000000001
617.3379000000001
617.7112000000001
618.0848000000001
618.4586
618.8326000000001
619.2069
619.5814
619.9561
620.3311
620.7062999999999
621.0817
621.4574
621.8333
622.2094
622.5858
622.9624
623.3393
623.7164
624.0937
624.4713
624.8491
625.2271000000001
625.6054
625.9839000000001
626.3626
626.7416000000001
627.1208
627.5003
627.88
628.2599
628.6401
629.0205
629.4010999999999
629.7819999999999
630.1630999999999
630.5444999999999
630.9260999999999
631.3078999999999
631.6899999999999
632.0722999999999
632.4548
632.8376
633.2206
633.6039
633.9874
634.3711
634.7551
635.1392999999999
635.5237999999999
635.9084999999999
636.2933999999999
636.6786
637.064
637.4497
637.8356
638.2217
638.6081
638.9947000000001
639.3816
639.7687000000001
640.1561
640.5437000000001
498.2988
498.59770000000003
498.89680000000004
499.19610000000006
499.4956000000001
499.79530000000005
500.09520000000003
500.3953
500.69550000000004
500.99590000000006
501.29650000000004
501.5973
501.8983
502.1995
502.5009
502.8025
503.1043
503.4062
503.7083
504.0106
504.3131
504.61580000000004
504.91870000000006
505.22180000000003
505.5251
505.8286
506.1322
506.43600000000004
506.74
507.0442
507.3486
507.65319999999997
507.95799999999997
508.263
508.5682
508.8736
509.1791
509.4848
509.7907
510.09680000000003
510.40310000000005
510.7096000000001
511.01630000000006
511.32320000000004
511.63030000000003
511.93760000000003
512.2451
512.5527999999999
512.8606
513.1686
513.4768
513.7852
514.0938
514.4026
514.7116
515.0208
515.3302
515.6398
515.9496
516.2596
516.5698
516.8802
517.1908
517.5015
517.8123999999999
518.1234999999999
518.4347999999999
518.7462999999999
519.0579999999999
519.3698999999999
519.6819999999999
519.9943
520.3068
520.6194999999999
520.9323999999999
521.2454999999999
521.5587999999999
521.8722999999999
522.1859999999999
522.4998999999999
522.814
523.1283
523.4427999999999
523.7574999999999
524.0722999999999
524.3873
524.7025
525.0178999999999
525.3335
525.6492999999999
525.9653
526.2814999999999
526.5979
526.9145
527.2312999999999
527.5482999999999
527.8654999999999
528.1828999999999
528.5004999999999
528.8182999999999
529.1362999999999
529.4544999999999
529.7728999999999
530.0914999999999
530.4102999999999
530.7292999999999
531.0484999999999
531.3678999999998
531.6874999999999
532.0072999999999
532.3272999999999
532.6474999999999
532.9678999999999
533.2884999999999
533.6092999999998
533.9302999999999
534.2514999999999
534.5728999999999
534.8944999999999
535.2162999999999
535.5382999999999
535.8604999999999
811.4944
811.9891
812.4841
812.9794
813.475
813.9709
814.4671000000001
814.9636
815.4605
815.9577
816.4552
816.953
817.4511
817.9495
818.4481999999999
818.9472
819.4464999999999
819.9461999999999
820.4461999999999
820.9464999999999
821.4470999999999
821.9479999999999
822.4491999999999
822.9506999999999
823.4524999999999
823.9546999999999
824.4572
824.9599999999999
825.4630999999999
825.9665
826.4702
826.9742
827.4786
827.9833
828.4883
828.9936
829.4992
830.0051
830.5114
831.018
831.5249
832.0321
832.5396000000001
833.0474
833.5556
834.0641
834.5729
835.082
835.5914
836.1011
836.6111999999999
837.1216
837.6323
838.1433
838.6546
839.1663
839.6782999999999
840.1905999999999
840.7031999999999
841.2160999999999
841.7293999999998
842.2429999999998
842.7568999999999
843.2710999999998
843.7855999999998
844.3004999999998
844.8156999999999
845.3311999999999
845.8469999999999
846.3631999999999
846.8796999999998
847.3964999999998
847.9135999999999
848.4309999999998
848.9487999999998
849.4668999999998
849.9852999999998
850.5039999999998
851.0230999999998
851.5424999999998
852.0621999999997
852.5821999999997
853.1025999999997
853.6232999999997
854.1442999999997
854.6655999999997
855.1872999999997
855.7092999999998
856.2315999999997
856.7541999999997
857.2771999999998
857.8004999999997
858.3240999999997
858.8480999999997
859.3723999999997
859.8969999999997
860.4218999999997
860.9471999999997
861.4727999999998
861.9986999999998
862.5248999999998
863.0514999999998
863.5783999999998
864.1055999999998
864.6331999999998
865.1610999999998
865.6892999999998
866.2178999999998
866.7467999999998
867.2759999999997
867.8054999999997
868.3353999999997
868.8655999999997
869.3960999999997
869.9269999999997
870.4581999999997
870.9896999999997
871.5215999999997
872.0537999999997
872.5862999999997
873.1191999999998
873.6523999999997
780.475
780.9503
781.4259
781.9018
782.3779999999999
782.8544999999999
783.3312999999999
783.8083999999999
784.2857999999999
784.7634999999999
785.2414999999999
785.7197999999999
786.1983999999999
786.6772999999998
787.1564999999998
787.6359999999999
788.1157999999998
788.5958999999998
789.0762999999998
789.5569999999998
790.0379999999998
790.5192999999998
791.0008999999998
791.4827999999998
791.9649999999998
792.4474999999998
792.9302999999998
793.4133999999998
793.8967999999998
794.3804999999998
794.8644999999998
795.3487999999998
795.8333999999998
796.3182999999998
796.8034999999998
797.2889999999998
797.7747999999998
798.2608999999998
798.7472999999998
799.2339999999998
799.7209999999998
800.2082999999998
800.6958999999998
801.1837999999998
801.6719999999998
802.1604999999998
802.6493999999998
803.1385999999998
803.6280999999998
804.1178999999997
804.6079999999997
805.0983999999997
805.5890999999997
806.0800999999997
806.5713999999997
807.0629999999996
807.5548999999996
808.0470999999997
808.5395999999996
809.0323999999996
809.5254999999996
810.0189999999997
810.5127999999996
811.0068999999996
811.5012999999997
811.9959999999996
812.4909999999996
812.9862999999997
813.4818999999997
813.9777999999997
814.4739999999997
814.9704999999997
815.4673999999997
815.9645999999997
816.4620999999996
816.9598999999996
817.4579999999996
817.9563999999996
818.4550999999996
818.9540999999996
819.4533999999995
819.9530999999995
820.4530999999995
820.9533999999995
821.4539999999995
821.9548999999995
822.4560999999995
822.9575999999995
823.4593999999995
823.9615999999995
824.4640999999996
824.9668999999996
825.4699999999996
825.9733999999996
826.4770999999996
826.9810999999996
827.4854999999997
827.9901999999996
828.4951999999996
829.0004999999996
829.5060999999996
830.0119999999996
830.5182999999996
831.0248999999997
831.5317999999996
832.0389999999996
832.5464999999997
833.0542999999997
833.5624999999997
834.0709999999997
834.5797999999996
835.0888999999996
835.5982999999997
836.1079999999996
836.6180999999996
837.1284999999996
837.6391999999996
838.1501999999996
838.6614999999996
839.1731999999996
839.6851999999996
840.1974999999995
668.405
668.8103
669.2158
669.6216
670.0275999999999
670.4338999999999
670.8403999999999
671.2471999999999
671.6542
672.0614999999999
672.4689999999999
672.8767999999999
673.2847999999999
673.6931
674.1016999999999
674.5105
674.9196
675.3289
675.7384999999999
676.1483
676.5584
676.9687
677.3793000000001
677.7902
678.2013000000001
678.6127
679.0243
679.4362
679.8483
680.2607
680.6734
681.0863
681.4995
681.9129
682.3266
682.7406
683.1548
683.5693
683.984
684.399
684.8142
685.2297
685.6455
686.0615
686.4778
686.8943
687.3111
687.7282
688.1455
688.5631
688.981
689.3991
689.8175
690.2361
690.655
691.0742
691.4936
691.9133
692.3332
692.7534
693.1739
693.5946
694.0156000000001
694.4369
694.8584000000001
695.2802
695.7023
696.1246
696.5472
696.97
697.3931
697.8165
698.2401
698.664
699.0882
699.5126
699.9373
700.3623
700.7875
701.2130000000001
701.6388000000001
702.0648000000001
702.4911000000001
702.9177000000001
703.3445
703.7716
704.1990000000001
704.6266
705.0545000000001
705.4827
705.9111
706.3398000000001
706.7688
707.1980000000001
707.6275
708.0573
708.4873
708.9176
709.3482
709.779
710.2101
710.6415000000001
711.0732
711.5051000000001
711.9373
712.3698
712.8025
713.2355
713.6688
714.1023
714.5361
714.9702
715.4046
715.8392
716.2741
716.7093
717.1447
717.5803999999999
718.0164
718.4526999999999
718.8892
719.3259999999999
647.3919
471.2819
471.564
471.8462
472.1286
472.4112
472.694
472.9769
473.26
473.5433
473.8268
474.11039999999997
474.39419999999996
474.67819999999995
474.96239999999995
475.24679999999995
475.53129999999993
475.8159999999999
476.1008999999999
476.3859999999999
476.6711999999999
476.95659999999987
477.24219999999985
477.52799999999985
477.81399999999985
478.1000999999998
478.3863999999998
478.6728999999998
478.9595999999998
479.2463999999998
479.5333999999998
479.8205999999998
480.1079999999998
480.3955999999998
480.68329999999975
480.9711999999997
481.2592999999997
481.5475999999997
481.8360999999997
482.1246999999997
482.41349999999966
482.70249999999965
482.99169999999964
483.28109999999964
483.57069999999965
483.86039999999963
484.1502999999996
484.4403999999996
484.7306999999996
485.0211999999996
485.3117999999996
485.6025999999996
485.8935999999996
486.1847999999996
486.4761999999996
486.7676999999996
487.0593999999996
487.3512999999996
487.6433999999996
487.9356999999996
488.2281999999996
488.5207999999996
488.8135999999996
489.1065999999996
489.39979999999963
489.69319999999965
489.9867999999997
490.2804999999997
490.5743999999997
490.8684999999997
491.1627999999997
491.45729999999975
491.7519999999997
492.04679999999973
492.34179999999975
492.6369999999998
492.93239999999975
493.2279999999997
493.5237999999997
493.8197999999997
494.1158999999997
494.4121999999997
494.7086999999997
495.00539999999967
495.30229999999966
495.59939999999966
495.89659999999964
496.1939999999996
496.4915999999996
496.7893999999996
497.0873999999996
497.3855999999996
497.6839999999996
497.98259999999965
498.28129999999965
498.58019999999965
498.87929999999966
499.1785999999997
499.4780999999997
499.7777999999997
500.07769999999965
500.37769999999966
500.6778999999997
500.9782999999997
501.2788999999997
501.57969999999966
501.88069999999965
502.18189999999964
502.48329999999964
502.78489999999965
503.08659999999963
503.3884999999996
503.6905999999996
503.9928999999996
504.29539999999963
504.59809999999965
504.90099999999967
505.20409999999964
505.5073999999996
505.81079999999963
506.11439999999965
506.4181999999997
506.72219999999965
504.3025
504.6052
504.90810000000005
505.2112
505.5145
505.8179
506.1215
506.42530000000005
506.7293
507.0335
507.3379
507.6425
507.9473
508.2523
508.5575
508.8628
509.1683
509.474
509.7799
510.086
510.39230000000003
510.69880000000006
511.00550000000004
511.3124
511.6195
511.9268
512.2343
512.5418999999999
512.8497
513.1577
513.4659
513.7743
514.0829
514.3917
514.7007
515.0099
515.3193
515.6289
515.9387
516.2487
516.5589
516.8692
517.1797
517.4904
517.8013
518.1124
518.4236999999999
518.7352
519.0468999999999
519.3588
519.6709
519.9832
520.2957
520.6084
520.9213
521.2343999999999
521.5477
521.8611999999999
522.1749
522.4888
522.8029
523.1172
523.4316
523.7462
524.061
524.3760000000001
524.6912000000001
525.0066
525.3222000000001
525.638
525.9540000000001
526.2702
526.5866000000001
526.9032000000001
527.22
527.537
527.8542
528.1716
528.4892
528.807
529.125
529.4432
529.7616
530.0802
530.399
530.718
531.0372
531.3566
531.6762
531.996
532.316
532.6362
532.9566
533.2772
533.598
533.919
534.2402
534.5616
534.8832
535.205
535.527
535.8492
536.1716
536.4942
536.817
537.14
537.4632
537.7866
538.1102000000001
538.4340000000001
538.758
539.0822000000001
539.4066
539.7312000000001
540.056
540.3810000000001
540.7062000000001
541.0316
541.3572
541.683
542.0091
542.3353999999999
658.3988
658.7978
659.197
659.5965
659.9962
660.3962
660.7964000000001
661.1969
661.5976
661.9986
662.3998
662.8013000000001
663.2031000000001
663.6051000000001
664.0074000000001
664.4099000000001
664.8127000000001
665.2157000000001
665.619
666.0225
666.4263000000001
666.8303000000001
667.2346000000001
667.6391000000001
668.0439000000001
668.4489000000001
668.8542000000001
669.2597000000001
669.6655000000001
670.0715
670.4778
670.8843
671.2911
671.6982
672.1055
672.5131
672.9209
673.329
673.7373
674.1459
674.5547
674.9638
675.3732
675.7828
676.1927
676.6028
677.0132
677.4238
677.8347
678.2458
678.6572
679.0689
679.4807999999999
679.8929999999999
680.3054
680.7180999999999
681.131
681.5441999999999
681.9576999999999
682.3713999999999
682.7853999999999
683.1995999999999
683.6140999999999
684.0288999999999
684.4438999999999
684.8591999999999
685.2746999999998
685.6904999999998
686.1065999999998
686.5228999999998
686.9394999999998
687.3562999999998
687.7733999999998
688.1907999999999
688.6083999999998
689.0262999999999
689.4443999999999
689.8627999999999
690.2814999999998
690.7003999999998
691.1195999999999
691.5389999999999
691.9586999999999
692.3786999999999
692.7988999999999
693.2193999999998
693.6401999999998
694.0611999999999
694.4824999999998
694.9040999999999
695.3258999999998
695.7479999999998
696.1702999999998
696.5928999999998
697.0157999999998
697.4388999999998
697.8622999999998
698.2859999999998
698.7098999999998
699.1340999999999
699.5585999999998
699.9832999999999
700.4082999999998
700.8335999999998
701.2590999999999
701.6848999999999
702.1109999999999
702.5372999999998
702.9638999999999
703.3907999999999
703.8178999999999
704.2452999999999
704.6729999999999
705.1008999999999
705.5290999999999
705.9575999999998
706.3862999999999
706.8152999999999
707.2445999999999
707.6740999999998
708.1038999999998
708.5339999999999
693.4206
693.8415
694.2627
694.6841
695.1057999999999
695.5277
695.9499
696.3724
696.7950999999999
697.2180999999999
697.6414
698.0649
698.4887
698.9128
699.3371
699.7617
700.1866
700.6117
701.0371
701.4627
701.8886
702.3148
702.7411999999999
703.1678999999999
703.5948999999999
704.0220999999999
704.4495999999999
704.8774
705.3054
705.7337
706.1623
706.5912
707.0202999999999
707.4496999999999
707.8793999999999
708.3092999999999
708.7394999999999
709.17
709.6007
710.0317
710.463
710.8945
711.3263
711.7583999999999
712.1907
712.6233
713.0562
713.4894
713.9228
714.3565000000001
714.7905000000001
715.2247000000001
715.6592
716.094
716.5291000000001
716.9644000000001
717.4000000000001
717.8359
718.272
718.7084000000001
719.1451000000001
719.5821000000001
720.0193
720.4568
720.8946000000001
721.3327
721.7710000000001
722.2096
722.6485
723.0877
723.5271
723.9668
724.4068000000001
724.8471000000001
725.2876000000001
725.7284000000001
726.1695000000001
726.6109000000001
727.0525000000001
727.4944000000002
727.9366000000001
728.3791000000001
728.8218
729.2648
729.7081000000001
730.1517
730.5955
731.0396000000001
731.484
731.9287
732.3737000000001
732.8189000000001
733.2644000000001
733.7102000000001
734.1563000000001
734.6026
735.0492
735.4961000000001
735.9433
736.3908
736.8385000000001
737.2865
737.7348000000001
738.1834000000001
738.6323000000001
739.0814000000001
739.5308000000001
739.9805000000001
740.4305000000002
740.8808000000001
741.3314000000001
741.7822000000001
742.2333000000001
742.6847000000001
743.1364000000001
743.5884000000001
744.0406
744.4931
744.9459
745.399
745.8524
746.3061
564.34
564.6802
565.0206000000001
565.3612
565.7021000000001
566.0432000000001
566.3845000000001
566.7260000000001
567.0677000000001
567.4096000000001
567.7517
568.094
568.4366
568.7794
569.1224
569.4656
569.809
570.1526
570.4964
570.8405
571.1848
571.5293
571.874
572.2189000000001
572.5640000000001
572.9094000000001
573.2550000000001
573.6008000000002
573.9468000000002
574.2930000000001
574.6394000000001
574.9860000000001
575.3329000000001
575.6800000000001
576.0273000000001
576.3748
576.7225000000001
577.0705
577.4187000000001
577.7671
578.1157000000001
578.4645
578.8135000000001
579.1628000000001
579.5123000000001
579.8620000000001
580.2119000000001
580.5620000000001
580.9124000000002
581.2630000000001
581.6138000000002
581.9648000000002
582.3160000000001
582.6674000000002
583.0191000000002
583.3710000000002
583.7231000000002
584.0754000000002
584.4279000000001
584.7807000000001
585.1337000000001
585.4869000000001
585.8403000000001
586.1940000000001
586.5479
586.902
587.2563
587.6108
587.9656
588.3206
588.6758
589.0312
589.3868
589.7427
590.0988
590.4551
590.8116
591.1684
591.5254
591.8826
592.24
592.5977
592.9556
593.3137
593.672
594.0305000000001
594.3893
594.7483000000001
595.1075000000001
595.4669000000001
595.8266000000001
596.1865000000001
596.5466000000001
596.9069000000002
597.2675000000002
597.6283000000002
597.9893000000002
598.3505000000002
598.7120000000002
599.0737000000003
599.4356000000002
599.7977000000003
600.1601000000003
600.5227000000003
600.8855000000003
601.2486000000004
601.6119000000003
601.9754000000004
602.3391000000004
602.7031000000004
603.0673000000004
603.4317000000004
603.7963000000004
604.1612000000005
604.5263000000004
604.8916000000005
605.2572000000005
605.6230000000005
605.9890000000005
606.3552000000005
606.7217000000005
607.0884000000005
529.3181
529.6364
529.9549
530.2736
530.5925
530.9116
531.2309
531.5504
531.8701
532.1899999999999
532.5101
532.8303999999999
533.1509
533.4716
533.7925
534.1136
534.4349
534.7564
535.0781
535.4
535.7221
536.0444
536.3669
536.6896
537.0125
537.3356
537.6589
537.9824
538.3061
538.63
538.9541
539.2784
539.6029
539.9277
540.2527
540.5779
540.9033
541.2289
541.5546999999999
541.8806999999999
542.2068999999999
542.5332999999999
542.8598999999999
543.1867
543.5137
543.8408999999999
544.1682999999999
544.4958999999999
544.8236999999999
545.1516999999999
545.4798999999999
545.8082999999999
546.1369
546.4657
546.7946999999999
547.1238999999999
547.4534
547.7831
548.1129999999999
548.4431
548.7733999999999
549.1039
549.4345999999999
549.7655
550.0966
550.4279
550.7594
551.0911
551.423
551.7551
552.0874
552.42
552.7528
553.0858
553.419
553.7524
554.086
554.4198
554.7538
555.088
555.4223999999999
555.757
556.0917999999999
556.4268999999999
556.7621999999999
557.0976999999999
557.4333999999999
557.7692999999999
558.1053999999999
558.4417
558.7782
559.1148999999999
559.4517999999999
559.789
560.1264
560.4639999999999
560.8018
561.1397999999999
561.478
561.8163999999999
562.155
562.4938
562.8329
563.1722
563.5117
563.8514
564.1913
564.5314
564.8716999999999
565.2121999999999
565.5529999999999
565.8939999999999
566.2351999999998
566.5765999999999
566.9181999999998
567.2599999999999
567.6019999999999
567.9442999999999
568.2867999999999
568.6294999999999
568.9723999999999
569.3154999999999
808.4925
808.9852999999999
809.4784
809.9717999999999
810.4654999999999
810.9594999999999
811.4537999999999
811.9484999999999
812.4434999999999
812.9387999999999
813.4343999999999
813.9302999999999
814.4264999999999
814.9229999999999
815.4197999999999
815.9168999999999
816.4142999999999
816.9120999999999
817.4101999999999
817.9085999999999
818.4072999999999
818.9062999999999
819.4055999999998
819.9051999999998
820.4050999999998
820.9053999999999
821.4059999999998
821.9068999999998
822.4080999999999
822.9095999999998
823.4113999999998
823.9134999999999
824.4158999999999
824.9186999999998
825.4217999999998
825.9251999999999
826.4288999999999
826.9328999999999
827.4371999999998
827.9417999999998
828.4467999999998
828.9520999999999
829.4576999999998
829.9635999999998
830.4697999999999
830.9762999999998
831.4831999999998
831.9903999999998
832.4978999999998
833.0056999999998
833.5137999999998
834.0221999999999
834.5309999999998
835.0400999999998
835.5494999999999
836.0591999999998
836.5691999999998
837.0795999999998
837.5902999999998
838.1012999999998
838.6125999999998
839.1241999999999
839.6361999999998
840.1484999999998
840.6610999999998
841.1739999999998
841.6871999999997
842.2007999999997
842.7146999999998
843.2288999999997
843.7433999999997
844.2581999999998
844.7733999999998
845.2888999999998
845.8046999999998
846.3207999999998
846.8372999999998
847.3540999999998
847.8711999999998
848.3885999999998
848.9062999999998
849.4243999999998
849.9427999999998
850.4614999999998
850.9804999999998
851.4998999999998
852.0195999999997
852.5395999999997
853.0598999999997
853.5805999999998
854.1015999999997
854.6228999999997
855.1444999999998
855.6664999999998
856.1887999999998
856.7113999999998
857.2342999999998
857.7575999999998
858.2811999999998
858.8050999999998
859.3293999999999
859.8539999999998
860.3788999999998
860.9040999999999
861.4296999999999
861.9555999999999
862.4817999999999
863.0083999999999
863.5352999999999
864.0624999999999
864.5899999999999
865.1179
865.6460999999999
866.1745999999999
866.7035
867.2326999999999
867.7621999999999
868.2920999999999
868.8222999999999
869.3527999999999
869.8835999999999
870.4147999999999
472.2825
472.5652
472.8481
473.1311
473.4143
473.6977
473.9813
474.265
474.5489
474.833
475.1173
475.4017
475.6863
475.97110000000004
476.25610000000006
476.54130000000004
476.82660000000004
477.11210000000005
477.3978000000001
477.6837000000001
477.9698000000001
478.2560000000001
478.5424000000001
478.8290000000001
479.11580000000015
479.40270000000015
479.68980000000016
479.9771000000002
480.2646000000002
480.5523000000002
480.8401000000002
481.1281000000002
481.4163000000002
481.70470000000023
481.9933000000002
482.2820000000002
482.5709000000002
482.86000000000024
483.14930000000027
483.43880000000024
483.72840000000025
484.01820000000026
484.3082000000003
484.5984000000003
484.8888000000003
485.17940000000027
485.4701000000003
485.7610000000003
486.0521000000003
486.34340000000026
486.63490000000024
486.92650000000026
487.2183000000003
487.51030000000026
487.80250000000024
488.0949000000002
488.3875000000002
488.68020000000024
488.9731000000002
489.2662000000002
489.5595000000002
489.8530000000002
490.1467000000002
490.44050000000016
490.73450000000014
491.02870000000013
491.3231000000001
491.6177000000001
491.91250000000014
492.2074000000001
492.5025000000001
492.7978000000001
493.0933000000001
493.3890000000001
493.68490000000014
493.98100000000017
494.27720000000016
494.57360000000017
494.8702000000002
495.1670000000002
495.4640000000002
495.7612000000002
496.0586000000002
496.3561000000002
496.6538000000002
496.95170000000024
497.2498000000002
497.5481000000002
497.8466000000002
498.1453000000002
498.4441000000002
498.7431000000002
499.0423000000002
499.3417000000002
499.6413000000002
499.9411000000002
500.2411000000002
500.5413000000002
500.8416000000002
501.1421000000002
501.4428000000002
501.7437000000002
502.04480000000024
502.34610000000026
502.64760000000024
502.9493000000002
503.25110000000024
503.55310000000026
503.8553000000003
504.15770000000026
504.46030000000025
504.76310000000024
505.06610000000023
505.36930000000024
505.67270000000025
505.97620000000023
506.2799000000002
506.5838000000002
506.88790000000023
507.19220000000024
507.49670000000026
507.8014000000003
686.4163
686.8328
687.2496
687.6666
688.0839
688.5015
688.9193
689.3374
689.7557
690.1743
690.5932
691.0123
691.4317
691.8512999999999
692.2711999999999
692.6913999999999
693.1117999999999
693.5324999999999
693.9535
694.3747
694.7962
695.2179
695.6399
696.0622
696.4847
696.9075
697.3306
697.7539
698.1775
698.6014
699.0255
699.4499
699.8746
700.2995
700.7247
701.1502
701.5759
702.0019000000001
702.4282000000001
702.8547000000001
703.2815
703.7086
704.1359
704.5635
704.9914
705.4195
705.8479
706.2766
706.7055
707.1347000000001
707.5642
707.9939
708.4239
708.8542
709.2847
709.7155
710.1466
710.5779
711.0095
711.4414
711.8736
712.306
712.7387
713.1717
713.6049
714.0384
714.4722
714.9062
715.3405
715.7751000000001
716.21
716.6451000000001
717.0805
717.5162
717.9521
718.3883
718.8248
719.2615999999999
719.6985999999999
720.1359
720.5735
721.0114
721.4495
721.8879
722.3266
722.7656
723.2048
723.6442999999999
724.0840999999999
724.5242
724.9644999999999
725.4051
725.846
726.2872
726.7286
727.1703
727.6123
728.0546
728.4971
728.9399000000001
729.383
729.8264
730.27
730.7139
731.1581
731.6025999999999
732.0473999999999
732.4924
732.9377
733.3833
733.8292
734.2753
734.7217
735.1684
735.6154
736.0627000000001
736.5102
736.9580000000001
737.4061
737.8545
738.3032000000001
738.7521
843.5144
844.0291
844.5441
845.0594
845.5751
846.0911
846.6074
847.124
847.6410000000001
848.1583
848.6759000000001
849.1938000000001
849.7120000000001
850.2306000000001
850.7495000000001
851.2687000000001
851.7882000000001
852.3081000000001
852.8283000000001
853.3488000000001
853.8696000000001
854.3908000000001
854.9123000000001
855.4341000000001
855.9562000000001
856.4787000000001
857.0015000000001
857.5246000000001
858.0481000000001
858.5719000000001
859.0960000000001
859.6204000000001
860.1452000000002
860.6703000000001
861.1957000000001
861.7214000000001
862.2475000000002
862.7739000000001
863.3006000000001
863.8277000000002
864.3551000000001
864.8828000000001
865.4109000000001
865.9393000000001
866.4680000000001
866.9970000000001
867.5264000000001
868.0561000000001
868.5861000000001
869.1165000000001
869.6472000000001
870.1782000000001
870.7096
871.2413
871.7733000000001
872.3057000000001
872.8384000000001
873.3714000000001
873.9048000000001
874.4385000000001
874.9725000000001
875.5069000000001
876.0416000000001
876.5766000000001
877.1120000000001
877.6477000000001
878.1837
878.7201
879.2568
879.7938
880.3312000000001
880.8689
881.4069000000001
881.9453000000001
882.484
883.0231
883.5625
884.1022
884.6423000000001
885.1827000000001
885.7234000000001
886.2645000000001
886.8059000000001
887.3477
887.8898
888.4322000000001
888.9750000000001
889.5181000000001
890.0615000000001
890.6053000000002
891.1494000000001
891.6939000000001
892.2387000000001
892.7838000000002
893.3293000000001
893.8751000000001
894.4213000000001
894.9678000000001
895.5147000000002
896.0619000000002
896.6094000000002
897.1573000000002
897.7055000000001
898.2541000000001
898.8030000000001
899.3523000000001
899.9019000000002
900.4518000000002
901.0021000000002
901.5527000000002
902.1037000000002
902.6550000000002
903.2067000000002
903.7587000000002
904.3110000000001
904.8637000000001
905.4167000000001
905.9701000000001
906.5238000000002
907.0779000000001
907.6323000000001
908.1871000000001
591.3569
591.7139999999999
592.0713
592.4287999999999
592.7865999999999
593.1445999999999
593.5027999999999
593.8611999999998
594.2198999999998
594.5787999999998
594.9378999999998
595.2971999999997
595.6567999999997
596.0165999999997
596.3765999999997
596.7367999999997
597.0972999999997
597.4579999999996
597.8188999999996
598.1799999999996
598.5413999999996
598.9029999999996
599.2647999999996
599.6267999999995
599.9890999999996
600.3515999999995
600.7142999999995
601.0771999999995
601.4403999999995
601.8037999999995
602.1673999999995
602.5312999999994
602.8953999999994
603.2596999999994
603.6241999999994
603.9889999999994
604.3539999999994
604.7191999999993
605.0845999999993
605.4502999999993
605.8161999999993
606.1822999999993
606.5486999999993
606.9152999999992
607.2820999999992
607.6491999999993
608.0164999999993
608.3839999999992
608.7516999999992
609.1196999999993
609.4878999999993
609.8562999999992
610.2249999999992
610.5938999999993
610.9629999999993
611.3323999999993
611.7019999999993
612.0717999999994
612.4417999999994
612.8120999999994
613.1825999999994
613.5532999999995
613.9242999999994
614.2954999999995
614.6668999999995
615.0385999999995
615.4104999999995
615.7825999999995
616.1549999999995
616.5275999999996
616.9003999999995
617.2734999999996
617.6467999999995
618.0202999999996
618.3940999999995
618.7680999999995
619.1422999999995
619.5167999999995
619.8914999999995
620.2663999999995
620.6415999999995
621.0169999999995
621.3925999999994
621.7684999999994
622.1445999999994
622.5208999999994
622.8974999999995
623.2742999999995
623.6512999999994
624.0285999999994
624.4060999999995
624.7838999999994
625.1618999999995
625.5400999999995
625.9185999999995
626.2972999999995
626.6761999999995
627.0553999999995
627.4347999999995
627.8143999999995
628.1942999999995
628.5743999999995
628.9547999999995
629.3353999999995
629.7161999999995
630.0972999999994
630.4785999999995
630.8600999999994
631.2418999999994
631.6238999999994
632.0061999999994
632.3886999999994
632.7713999999994
633.1543999999994
633.5375999999994
633.9210999999995
634.3047999999994
634.6886999999995
635.0728999999994
635.4572999999995
635.8419999999994
636.2268999999994
636.6119999999994
636.9973999999994
595.3594
595.719
596.0788
596.4388
596.7991000000001
597.1596000000001
597.5203
597.8813
598.2425000000001
598.6039000000001
598.9655
599.3274
599.6895000000001
600.0518000000001
600.4143
600.7771
601.1401000000001
601.5033000000001
601.8667
602.2304
602.5943
602.9584
603.3226999999999
603.6872999999999
604.0520999999999
604.4170999999999
604.7823999999999
605.1478999999999
605.5135999999999
605.8794999999999
606.2456999999999
606.6120999999999
606.9786999999999
607.3455999999999
607.7126999999999
608.0799999999999
608.4474999999999
608.8152999999999
609.1832999999999
609.5514999999999
609.92
610.2887
610.6576
611.0268
611.3962
611.7658
612.1357
612.5058
612.8761000000001
613.2466000000001
613.6174000000001
613.9884000000001
614.3596000000001
614.7311000000001
615.1028000000001
615.4747000000001
615.8469000000001
616.2193000000001
616.5919000000001
616.9648000000001
617.3379000000001
617.7112000000001
618.0848000000001
618.4586
618.8326000000001
619.2069
619.5814
619.9561
620.3311
620.7062999999999
621.0817
621.4574
621.8333
622.2094
622.5858
622.9624
623.3393
623.7164
624.0937
624.4713
624.8491
625.2271000000001
625.6054
625.9839000000001
626.3626
626.7416000000001
627.1208
627.5003
627.88
628.2599
628.6401
629.0205
629.4010999999999
629.7819999999999
630.1630999999999
630.5444999999999
630.9260999999999
631.3078999999999
631.6899999999999
632.0722999999999
632.4548
632.8376
633.2206
633.6039
633.9874
634.3711
634.7551
635.1392999999999
635.5237999999999
635.9084999999999
636.2933999999999
636.6786
637.064
637.4497
637.8356
638.2217
638.6081
638.9947000000001
639.3816
639.7687000000001
640.1561
640.5437000000001
640.9315
625.3781
625.7565000000001
626.1351000000001
626.5139
626.893
627.2723
627.6518
628.0316
628.4116
628.7919
629.1724
629.5531000000001
629.9341000000001
630.3153000000001
630.6967000000001
631.0784000000001
631.4603000000001
631.8425000000001
632.2249
632.6075000000001
632.9904
633.3735
633.7569000000001
634.1405000000001
634.5243
634.9084
635.2927000000001
635.6773000000001
636.0621000000001
636.4471000000001
636.8324000000001
637.2179000000001
637.6037000000001
637.9897000000001
638.3759000000001
638.7624000000001
639.1491000000001
639.5361
639.9233
640.3108000000001
640.6985000000001
641.0864
641.4746
641.863
642.2517
642.6406000000001
643.0298
643.4192
643.8088
644.1987
644.5888
644.9792
645.3697999999999
645.7606999999999
646.1518
646.5431
646.9347
647.3265
647.7186
648.1109
648.5035
648.8963
649.2894
649.6827
650.0763
650.4701
650.8641
651.2584
651.6529
652.0477000000001
652.4427000000001
652.8380000000001
653.2335
653.6293000000001
654.0253
654.4216
654.8181
655.2149
655.6119
656.0092
656.4067
656.8045
657.2025
657.6007999999999
657.9993
658.3979999999999
658.7969999999999
659.1961999999999
659.5956999999999
659.9953999999999
660.3953999999999
660.7955999999999
661.1960999999999
661.5967999999999
661.9977999999999
662.3989999999999
662.8004999999999
663.2022999999999
663.6043
664.0065999999999
664.4091
664.8118999999999
665.2149
665.6181999999999
666.0216999999999
666.4254999999999
666.8294999999999
667.2338
667.6383
668.0431
668.4481
668.8534
669.2588999999999
669.6646999999999
670.0706999999999
670.4769999999999
670.8834999999999
671.2902999999999
671.6973999999999
672.1046999999999
672.5122999999999
672.9200999999998
673.3281999999998
673.7364999999999
869.5306
870.0616
870.5929
871.1245
871.6565
872.1888
872.7214
873.2544
873.7877000000001
874.3213000000001
874.8553
875.3896000000001
875.9242
876.4592
876.9945
877.5301000000001
878.0661
878.6024
879.139
879.676
880.2133
880.7509
881.2889
881.8272000000001
882.3658
882.9048
883.4441
883.9838000000001
884.5238
885.0641
885.6048000000001
886.1458000000001
886.6871000000001
887.2288000000001
887.7708000000001
888.3132000000002
888.8559000000001
889.3989000000001
889.9423000000002
890.4860000000001
891.0301000000001
891.5745000000001
892.1192000000001
892.6643000000001
893.2097000000001
893.7555000000001
894.3016000000001
894.8480000000001
895.3948
895.9419
896.4894
897.0372000000001
897.5853000000001
898.1338000000001
898.6826000000001
899.2318000000001
899.7813000000001
900.3312000000001
900.8814000000001
901.4320000000001
901.9829000000001
902.5341000000001
903.0857000000001
903.6376000000001
904.1899000000001
904.7425000000001
905.2955000000001
905.8488000000001
906.4025000000001
906.9565000000001
907.5108000000001
908.0655000000002
908.6205000000001
909.1759000000001
909.7316000000001
910.2877000000001
910.8441000000001
911.4009000000001
911.9580000000001
912.5155000000001
913.0733000000001
913.6315000000002
914.1900000000002
914.7489000000002
915.3081000000002
915.8677000000002
916.4276000000002
916.9879000000002
917.5485000000002
918.1095000000003
918.6708000000002
919.2325000000002
919.7945000000002
920.3569000000002
920.9196000000002
921.4827000000001
922.0461000000001
922.6099000000002
923.1740000000002
923.7385000000002
924.3033000000001
924.8685000000002
925.4340000000002
925.9999000000003
926.5661000000002
927.1327000000002
927.6997000000002
928.2670000000003
928.8347000000002
929.4027000000002
929.9711000000002
930.5398000000002
931.1089000000003
931.6783000000003
932.2481000000002
932.8183000000002
933.3888000000003
933.9597000000003
934.5309000000003
935.1025000000003
935.6744000000003
936.2467000000004
936.8194000000004
589.3556
589.7114
590.0675
590.4238
590.7803
591.1370000000001
591.494
591.8512000000001
592.2086
592.5662000000001
592.9241000000001
593.2822000000001
593.6405000000001
593.9990000000001
594.3577000000001
594.7167000000002
595.0759000000002
595.4353000000002
595.7949000000002
596.1548000000003
596.5149000000002
596.8752000000003
597.2357000000003
597.5965000000003
597.9575000000003
598.3187000000004
598.6801000000004
599.0418000000004
599.4037000000004
599.7658000000005
600.1282000000004
600.4908000000005
600.8536000000005
601.2166000000005
601.5799000000005
601.9434000000006
602.3071000000006
602.6710000000005
603.0352000000005
603.3996000000005
603.7642000000005
604.1291000000006
604.4942000000005
604.8595000000006
605.2250000000006
605.5908000000006
605.9568000000006
606.3230000000007
606.6895000000006
607.0562000000007
607.4231000000007
607.7902000000007
608.1576000000007
608.5252000000007
608.8930000000007
609.2611000000007
609.6294000000007
609.9979000000008
610.3666000000007
610.7356000000008
611.1048000000008
611.4742000000008
611.8439000000008
612.2138000000008
612.5839000000008
612.9543000000008
613.3249000000008
613.6957000000008
614.0668000000007
614.4381000000008
614.8096000000007
615.1814000000007
615.5534000000007
615.9256000000007
616.2981000000007
616.6708000000007
617.0437000000006
617.4169000000006
617.7903000000006
618.1639000000006
618.5378000000006
618.9119000000006
619.2862000000006
619.6608000000006
620.0356000000006
620.4106000000006
620.7859000000007
621.1614000000006
621.5371000000007
621.9131000000007
622.2893000000007
622.6657000000007
623.0424000000007
623.4193000000007
623.7964000000007
624.1738000000007
624.5514000000007
624.9292000000007
625.3073000000007
625.6856000000007
626.0642000000007
626.4430000000007
626.8220000000007
627.2013000000006
627.5808000000006
627.9605000000006
628.3405000000006
628.7207000000005
629.1012000000005
629.4819000000006
629.8628000000006
630.2440000000006
630.6254000000006
631.0070000000006
631.3889000000006
631.7710000000006
632.1534000000006
632.5360000000006
632.9188000000006
633.3019000000006
633.6852000000006
634.0688000000006
741.4506
741.9015
742.3527
742.8042
743.2560000000001
743.7080000000001
744.1603000000001
744.6129000000001
745.0658000000001
745.5190000000001
745.9724000000001
746.4261000000001
746.8801000000001
747.3344000000001
747.7890000000001
748.2439
748.6991
749.1545000000001
749.6102000000001
750.0662000000001
750.5225000000002
750.9791000000001
751.4360000000001
751.8931000000001
752.3505000000001
752.8082000000002
753.2662000000001
753.7245000000001
754.1831000000002
754.6420000000002
755.1012000000002
755.5606000000001
756.0203000000001
756.4803000000002
756.9406000000001
757.4012000000001
757.8621000000002
758.3233000000001
758.7848000000001
759.2465000000001
759.7085000000001
760.1708000000001
760.6334
761.0963
761.5595000000001
762.023
762.4868
762.9509
763.4152
763.8798
764.3447
764.8099
765.2754
765.7411999999999
766.2072999999999
766.6736999999999
767.1403999999999
767.6073999999999
768.0746999999999
768.5421999999999
769.0099999999999
769.4780999999999
769.9464999999999
770.4151999999999
770.8842
771.3534999999999
771.8231
772.293
772.7632
773.2337
773.7045
774.1756
774.647
775.1187000000001
775.5906000000001
776.0628000000002
776.5353000000001
777.0081000000001
777.4812000000002
777.9546000000001
778.4283000000001
778.9023000000002
779.3766000000002
779.8512000000002
780.3261000000002
780.8013000000002
781.2768000000002
781.7526000000003
782.2287000000002
782.7051000000002
783.1818000000003
783.6588000000003
784.1361000000003
784.6137000000003
785.0916000000003
785.5698000000003
786.0483000000004
786.5271000000004
787.0062000000004
787.4856000000004
787.9653000000004
788.4453000000004
788.9256000000005
789.4062000000005
789.8871000000005
790.3683000000004
790.8498000000004
791.3316000000004
791.8137000000004
474.3292
474.65860000000004
474.98820000000006
475.3181000000001
475.6482000000001
475.9785000000001
476.3091000000001
476.6399000000001
476.9710000000001
477.3023000000001
477.6338000000001
477.9656000000001
478.2976000000001
478.6299000000001
478.96240000000006
479.29510000000005
479.6281000000001
479.96130000000005
480.29480000000007
480.6285000000001
480.9625000000001
481.2967000000001
481.6311000000001
481.9658000000001
482.3007000000001
482.6359000000001
482.9713000000001
483.3070000000001
483.64290000000005
483.97900000000004
484.31540000000007
484.65200000000004
484.98890000000006
485.3260000000001
485.6634000000001
486.0010000000001
486.3389000000001
486.6770000000001
487.0153000000001
487.35390000000007
487.69270000000006
488.03180000000003
488.3711
488.71070000000003
489.05050000000006
489.39060000000006
489.7309000000001
490.07150000000007
490.4123000000001
490.7533000000001
491.09460000000007
491.43610000000007
491.77790000000005
492.11990000000003
492.46220000000005
492.8047
493.14750000000004
493.49050000000005
493.83380000000005
494.17730000000006
494.52110000000005
494.86510000000004
495.2094
495.5539
495.8987
496.24370000000005
496.58900000000006
496.93450000000007
497.28030000000007
497.62630000000007
497.97260000000006
498.31910000000005
498.6659
499.0129
499.3602
499.70770000000005
500.05550000000005
500.40350000000007
500.75180000000006
501.10030000000006
501.44910000000004
501.79820000000007
502.1475000000001
502.4971000000001
502.8469000000001
503.1970000000001
503.5473000000001
503.8979000000001
504.2487000000001
504.5998000000001
504.95110000000005
505.3027000000001
505.6545000000001
506.0066000000001
506.3590000000001
506.7116000000001
507.06450000000007
507.41760000000005
507.7710000000001
508.12460000000004
508.47850000000005
508.83260000000007
509.18700000000007
509.54170000000005
509.89660000000003
510.25180000000006
510.60720000000003
510.96290000000005
511.31880000000007
511.67500000000007
512.0315
512.3882000000001
512.7452000000001
513.1024000000001
513.4599000000001
513.8177000000001
514.1757
514.534
514.8925
515.2513
515.6104
515.9697
697.4739
697.9481
698.4227
698.8976
699.3728
699.8484
700.3243
700.8004999999999
701.2770999999999
701.7539999999999
702.2312
702.7088
703.1867
703.6649
704.1435
704.6224
705.1016
705.5812
706.0611
706.5413
707.0219
707.5028
707.9841
708.4657
708.9476
709.4299
709.9125
710.3954
710.8787
711.3623
711.8463
712.3306
712.8152
713.3002
713.7855000000001
714.2711
714.7571
715.2434000000001
715.7301000000001
716.2171000000001
716.7045
717.1922000000001
717.6802000000001
718.1686000000001
718.6573000000001
719.1464000000001
719.6358000000001
720.1255000000001
720.6156000000001
721.1060000000001
721.5968000000001
722.0879000000001
722.5794000000001
723.0712000000001
723.5633000000001
724.0558000000001
724.5486000000001
725.0418000000001
725.5353000000001
726.0292000000002
726.5234000000002
727.0180000000001
727.5129000000002
728.0082000000002
728.5038000000002
728.9998000000002
729.4961000000002
729.9927000000001
730.4897000000001
730.9870000000001
731.4847000000001
731.9827000000001
732.4811000000001
732.9798000000001
733.4789000000001
733.9783000000001
734.4781000000002
734.9782000000001
735.4787000000001
735.9795000000001
736.4807000000002
736.9822000000001
737.4841000000001
737.9863000000001
738.4889000000002
738.9918000000001
739.4951000000001
739.9987000000001
740.5027000000001
741.0071000000002
741.5118000000001
742.0169000000001
742.5223000000001
743.0281000000001
743.5342
744.0407
744.5475
745.0547
745.5622000000001
746.0701
746.5783
747.0869
747.5959
748.1052000000001
748.6149
749.1249
749.6353
